Version 0.9.7
10
 4 40 458 77 128 0 1
 5 80 400 206 81 2 2
 0 233 2 877 276 8 3
 0 232 275 877 276 140 4
 0 233 548 877 276 272 5
 1 20 780 206 81 404 6
 1 16 877 206 81 414 8
 1 255 856 206 81 424 9
 3 1152 478 203 58 434 10
 3 1155 256 203 58 443 11
 0
254
 16777215 5 260 705 260 705 260 705 260 666 260 666 260 666 0 5 0 5
 16777215 5 273 666 273 666 273 666 273 705 273 705 273 705 0 5 0 5
 16777215 5 286 666 286 666 286 666 286 705 286 705 286 705 0 5 0 5
 16777215 5 299 666 299 666 299 666 299 705 299 705 299 705 0 5 0 5
 16777215 5 312 666 312 666 312 666 312 705 312 705 312 705 0 5 0 5
 16777215 5 325 666 325 666 325 666 325 705 325 705 325 705 0 5 0 5
 16777215 5 338 666 338 666 338 666 338 705 338 705 338 705 0 5 0 5
 16777215 5 351 666 351 666 351 666 351 705 351 705 351 705 0 5 0 5
 65535 5 793 666 793 666 793 666 793 705 793 705 793 705 0 5 0 5
 65535 5 806 666 806 666 806 666 806 705 806 705 806 705 0 5 0 5
 65535 5 819 666 819 666 819 666 819 705 819 705 819 705 0 5 0 5
 65535 5 832 666 832 666 832 666 832 705 832 705 832 705 0 5 0 5
 65535 5 845 666 845 666 845 666 845 705 845 705 845 705 0 5 0 5
 65535 5 858 666 858 666 858 666 858 705 858 705 858 705 0 5 0 5
 65535 5 871 666 871 666 871 666 871 705 871 705 871 705 0 5 0 5
 65280 5 572 705 572 705 572 705 572 666 572 666 572 666 0 5 0 5
 255 5 364 575 364 575 364 575 364 614 364 614 364 614 0 5 0 5
 255 5 468 575 468 575 468 575 468 614 468 614 468 614 0 5 0 5
 0 5 455 757 455 757 455 757 455 796 455 796 455 796 0 5 0 5
 0 5 559 757 559 757 559 757 559 796 559 796 559 796 0 5 0 5
 32768 5 598 705 598 705 598 705 598 666 598 666 598 666 0 5 0 5
 65280 5 572 653 572 653 572 653 585 653 585 653 585 653 0 5 0 5
 65280 5 572 744 572 744 572 744 585 744 585 744 585 744 0 5 0 5
 65280 5 585 757 585 757 585 769 624 769 624 757 624 757 0 5 0 5
 255 5 611 614 611 614 611 614 611 575 611 575 611 575 0 5 0 5
 255 5 702 575 702 575 702 575 702 614 702 614 702 614 0 5 0 5
 0 5 689 757 689 757 689 757 689 796 689 796 689 796 0 5 0 5
 0 5 780 757 780 757 780 757 780 796 780 796 780 796 0 5 0 5
 65280 5 585 731 591 731 591 779 663 779 663 757 663 757 0 5 0 5
 65280 5 585 666 591 666 591 648 637 648 637 653 637 653 0 5 0 5
 65280 5 585 640 585 640 585 645 676 645 676 653 676 653 0 5 0 5
 65280 5 585 718 580 718 580 786 715 786 715 757 715 757 0 5 0 5
 65280 5 572 731 572 731 565 731 565 794 754 794 754 757 0 5 0 5
 65280 5 585 627 591 627 591 601 767 601 767 614 767 614 0 5 0 5
 65280 5 585 614 585 614 585 608 728 608 728 614 728 614 0 5 0 5
 65535 5 72 888 72 888 72 857 793 857 793 757 793 757 0 8 0 5
 65535 5 91 888 91 888 91 858 806 858 806 757 806 757 0 8 0 5
 65535 5 110 888 110 858 818 858 818 757 819 757 819 757 0 8 0 5
 65535 5 129 888 129 888 129 858 832 858 832 757 832 757 0 8 0 5
 65535 5 148 888 148 888 148 859 845 859 845 757 845 757 0 8 0 5
 65535 5 167 888 167 888 167 858 858 858 858 757 858 757 0 8 0 5
 65535 5 186 888 186 888 186 859 871 859 871 757 871 757 0 8 0 5
 65535 5 884 705 884 705 884 705 884 666 884 666 884 666 0 5 0 5
 65535 5 205 888 205 888 205 870 884 870 884 757 884 757 0 8 0 5
 65535 5 884 614 884 614 884 595 663 595 663 614 663 614 0 5 0 5
 65535 5 871 614 871 614 871 589 624 589 624 614 624 614 0 5 0 5
 65535 5 650 757 650 757 650 767 858 767 858 744 858 744 0 5 0 5
 65535 5 611 757 611 757 611 774 845 774 845 744 845 744 0 5 0 5
 65535 5 832 614 832 614 832 608 754 608 754 614 754 614 0 5 0 5
 65535 5 715 614 715 614 715 619 819 619 819 614 819 614 0 5 0 5
 65535 5 741 757 741 757 741 750 806 750 806 744 806 744 0 5 0 5
 65535 5 702 757 702 757 702 805 786 805 786 744 793 744 0 5 0 5
 4227327 5 689 653 689 683 535 683 535 718 533 718 533 718 0 5 0 5
 4227327 5 481 718 481 718 481 679 645 679 645 614 650 614 0 5 0 5
 4227327 5 676 718 676 718 676 678 481 678 481 653 481 653 0 5 0 5
 4227327 5 637 757 637 757 637 679 533 679 533 653 533 653 0 5 0 5
 4227327 5 780 653 780 653 780 678 429 678 429 718 429 718 0 5 0 5
 4227327 5 741 653 741 653 741 678 377 678 377 718 377 718 0 5 0 5
 4227327 5 767 718 762 718 762 677 377 677 377 653 377 653 0 5 0 5
 4227327 5 728 744 728 744 897 744 897 744 897 757 897 757 0 5 0 5
 4227327 5 728 718 728 718 728 676 429 676 429 653 429 653 0 5 0 5
 16777215 5 76 791 76 791 76 774 260 774 260 757 260 757 0 6 0 5
 16777215 5 95 791 95 791 95 774 273 774 273 757 273 757 0 6 0 5
 16777215 5 114 791 114 791 114 774 286 774 286 757 286 757 0 6 0 5
 16777215 5 133 791 133 791 133 774 299 774 299 757 299 757 0 6 0 5
 16777215 5 152 791 152 791 152 774 312 774 312 757 312 757 0 6 0 5
 16777215 5 171 791 171 791 171 775 325 775 325 757 325 757 0 6 0 5
 16777215 5 190 791 190 791 190 776 338 776 338 757 338 757 0 6 0 5
 16777215 5 209 791 209 791 209 789 351 789 351 757 351 757 0 6 0 5
 16777215 5 351 744 358 744 358 790 520 790 520 757 520 757 0 5 0 5
 16777215 5 338 744 343 744 343 795 494 795 494 757 494 757 0 5 0 5
 16777215 5 299 744 304 744 304 767 416 767 416 757 416 757 0 5 0 5
 16777215 5 286 744 293 744 293 766 390 766 390 757 390 757 0 5 0 5
 16777215 5 273 627 273 627 273 620 390 620 390 627 390 627 0 5 0 5
 16777215 5 416 614 416 614 416 619 286 619 286 627 286 627 0 5 0 5
 65280 5 572 718 572 718 572 718 546 718 546 718 546 718 0 5 0 5
 16777215 5 520 614 520 614 520 632 312 632 312 627 312 627 0 5 0 5
 16777215 5 494 614 494 614 494 640 325 640 325 627 325 627 0 5 0 5
 16777215 5 260 614 260 614 213 614 213 211 260 211 260 211 0 5 0 3
 16777215 5 273 614 273 614 219 614 219 216 273 216 273 211 0 5 0 3
 16777215 5 286 614 286 614 227 614 227 221 286 221 286 211 0 5 0 3
 16777215 5 299 614 299 614 236 614 236 227 299 227 299 211 0 5 0 3
 16777215 5 312 614 312 614 242 614 242 233 312 233 312 211 0 5 0 3
 16777215 5 325 614 325 614 245 614 245 241 325 241 325 211 0 5 0 3
 16777215 5 338 614 338 614 251 614 251 248 338 248 338 211 0 5 0 3
 16777215 5 351 614 351 614 252 614 252 255 351 255 351 211 0 5 0 3
 16777215 5 260 159 260 159 260 159 260 120 260 120 260 120 0 3 0 3
 16777215 5 273 120 273 120 273 120 273 159 273 159 273 159 0 3 0 3
 16777215 5 286 120 286 120 286 120 286 159 286 159 286 159 0 3 0 3
 16777215 5 299 120 299 120 299 120 299 159 299 159 299 159 0 3 0 3
 16777215 5 312 120 312 120 312 120 312 159 312 159 312 159 0 3 0 3
 16777215 5 325 120 325 120 325 120 325 159 325 159 325 159 0 3 0 3
 16777215 5 338 120 338 120 338 120 338 159 338 159 338 159 0 3 0 3
 16777215 5 351 120 351 120 351 120 351 159 351 159 351 159 0 3 0 3
 255 5 364 68 364 68 364 68 364 29 364 29 364 29 0 3 0 3
 255 5 559 68 559 68 559 68 559 29 559 29 559 29 0 3 0 3
 255 5 455 68 455 68 455 68 455 29 455 29 455 29 0 3 0 3
 255 5 663 68 663 68 663 68 663 29 663 29 663 29 0 3 0 3
 0 5 442 211 442 211 442 211 442 250 442 250 442 250 0 3 0 3
 0 5 533 211 533 211 533 211 533 250 533 250 533 250 0 3 0 3
 0 5 650 250 650 250 650 250 650 211 650 211 650 211 0 3 0 3
 0 5 754 211 754 211 754 211 754 250 754 250 754 250 0 3 0 3
 16777215 5 351 107 351 107 351 100 520 100 520 107 520 107 0 3 0 3
 16777215 5 338 107 338 107 338 89 494 89 494 107 494 107 0 3 0 3
 16777215 5 325 107 325 107 325 112 468 112 468 107 468 107 0 3 0 3
 16777215 5 312 107 312 107 312 76 429 76 429 107 429 107 0 3 0 3
 16777215 5 299 68 299 68 299 62 403 62 403 68 403 68 0 3 0 3
 16777215 5 286 68 286 68 286 53 377 53 377 68 377 68 0 3 0 3
 16777215 5 273 198 273 198 273 191 364 191 364 198 364 198 0 3 0 3
 16777215 5 260 198 260 198 260 205 390 205 390 198 390 198 0 3 0 3
 16777215 5 624 172 624 172 624 167 351 167 351 172 351 172 0 3 0 3
 16777215 5 637 68 637 68 637 45 338 45 338 68 338 68 0 3 0 3
 16777215 5 598 68 598 68 598 38 325 38 325 68 325 68 0 3 0 3
 16777215 5 689 211 689 211 689 221 329 221 329 198 325 198 0 3 0 3
 16777215 5 728 211 728 211 728 232 319 232 319 198 312 198 0 3 0 3
 16777215 5 741 68 741 68 741 17 280 17 280 81 286 81 0 3 0 3
 16777215 5 702 68 702 68 702 10 273 10 273 68 273 68 0 3 0 3
 0 5 572 68 572 68 572 73 546 73 546 68 546 68 0 3 0 3
 0 5 546 159 546 159 546 159 546 120 546 120 546 120 0 3 0 3
 0 5 546 211 546 211 546 211 546 250 546 250 546 250 0 3 0 3
 0 5 585 211 585 211 585 211 585 250 585 250 585 250 0 3 0 3
 0 5 676 81 676 81 676 87 546 87 546 81 546 81 0 3 0 3
 16711935 5 715 68 715 68 715 56 858 56 858 68 858 68 0 3 0 3
 16711935 5 845 120 845 120 845 120 845 159 845 159 845 159 0 3 0 3
 16711935 5 858 120 858 120 858 120 858 159 858 159 858 159 0 3 0 3
 16711935 5 832 120 832 120 832 120 832 159 832 159 832 159 0 3 0 3
 16711935 5 819 120 819 120 819 120 819 159 819 159 819 159 0 3 0 3
 16711935 5 806 120 806 120 806 120 806 159 806 159 806 159 0 3 0 3
 16711935 5 793 120 793 120 793 120 793 159 793 159 793 159 0 3 0 3
 16711935 5 780 120 780 120 780 120 780 159 780 159 780 159 0 3 0 3
 16711935 5 767 120 767 120 767 120 767 159 767 159 767 159 0 3 0 3
 16711935 5 754 68 754 68 754 62 845 62 845 68 845 68 0 3 0 3
 16711935 5 611 68 611 68 611 50 806 50 806 68 806 68 0 3 0 3
 16711935 5 650 68 650 68 650 42 793 42 793 68 793 68 0 3 0 3
 65280 5 572 614 572 614 572 393 572 393 571 393 571 393 0 5 0 4
 65280 5 571 341 571 341 564 341 564 211 559 211 559 211 0 4 0 3
 65280 5 571 354 571 354 571 273 657 273 657 211 663 211 0 4 0 3
 12632256 5 533 107 533 107 533 131 572 131 572 172 572 172 0 3 0 3
 12632256 5 507 107 507 107 507 132 611 132 611 172 611 172 0 3 0 3
 12632256 5 481 107 481 107 481 131 624 131 624 107 624 107 0 3 0 3
 12632256 5 442 107 442 107 442 130 585 130 585 107 585 107 0 3 0 3
 12632256 5 416 107 416 107 416 150 676 150 676 172 676 172 0 3 0 3
 12632256 5 390 107 390 107 390 150 715 150 715 172 715 172 0 3 0 3
 12632256 5 377 172 377 172 377 149 728 149 728 107 728 107 0 3 0 3
 12632256 5 403 172 403 172 403 149 689 149 689 107 689 107 0 3 0 3
 16711935 5 702 211 702 211 702 204 819 204 819 198 819 198 0 3 0 3
 16711935 5 832 198 832 198 832 192 741 192 741 211 741 211 0 3 0 3
 16711935 5 780 198 780 198 780 204 637 204 637 211 637 211 0 3 0 3
 16711935 5 767 198 767 198 767 191 598 191 598 211 598 211 0 3 0 3
 16744448 5 454 432 454 432 454 432 454 393 454 393 454 393 0 4 0 4
 16744448 5 467 393 467 393 467 393 467 432 467 432 467 432 0 4 0 4
 16744448 5 480 393 480 393 480 393 480 432 480 432 480 432 0 4 0 4
 16744448 5 493 393 493 393 493 393 493 432 493 432 493 432 0 4 0 4
 16744448 5 506 393 506 393 506 393 506 432 506 432 506 432 0 4 0 4
 16744448 5 519 393 519 393 519 393 519 432 519 432 519 432 0 4 0 4
 16744448 5 532 393 532 393 532 393 532 432 532 432 532 432 0 4 0 4
 16744448 5 545 393 545 393 545 393 545 432 545 432 545 432 0 4 0 4
 16744448 5 545 484 545 484 545 589 515 589 515 718 507 718 0 4 0 5
 16744448 5 468 718 474 718 474 589 532 589 532 484 532 484 0 5 0 4
 16744448 5 507 653 502 653 502 589 519 589 519 484 519 484 0 5 0 4
 16744448 5 506 484 506 484 506 505 553 505 553 653 546 653 0 4 0 5
 16744448 5 493 484 493 484 493 590 411 590 411 718 403 718 0 4 0 5
 16744448 5 364 718 371 718 371 538 480 538 480 484 480 484 0 5 0 4
 16744448 5 403 614 403 614 403 538 467 538 467 484 467 484 0 5 0 4
 16744448 5 442 614 442 614 442 538 454 538 454 484 454 484 0 5 0 4
 8388736 5 442 718 442 718 442 694 559 694 559 653 559 653 0 5 0 5
 16744448 5 545 445 545 445 545 452 597 452 597 445 597 445 0 4 0 4
 255 5 688 341 688 341 688 341 688 302 688 302 688 302 0 4 0 4
 255 5 584 341 584 341 584 341 584 302 584 302 584 302 0 4 0 4
 16744448 5 532 445 532 445 532 458 636 458 636 445 636 445 0 4 0 4
 16744448 5 519 380 519 380 519 374 649 374 649 380 649 380 0 4 0 4
 16744448 5 506 380 506 380 506 363 610 363 610 380 610 380 0 4 0 4
 16744448 5 493 458 493 458 493 465 701 465 701 445 701 445 0 4 0 4
 16744448 5 480 458 480 458 480 476 741 476 741 458 740 458 0 4 0 4
 16744448 5 467 380 467 380 467 356 753 356 753 380 753 380 0 4 0 4
 16744448 5 454 380 460 380 460 347 714 347 714 380 714 380 0 4 0 4
 16711935 5 767 211 767 211 767 223 794 223 794 341 792 341 0 3 0 4
 16711935 5 780 211 780 211 780 224 805 224 805 341 805 341 0 3 0 4
 16711935 5 793 211 793 225 819 225 819 341 818 341 818 341 0 3 0 4
 16711935 5 806 211 806 211 806 224 831 224 831 341 831 341 0 3 0 4
 16711935 5 819 211 819 224 845 224 845 341 844 341 844 341 0 3 0 4
 16711935 5 832 211 832 211 832 225 857 225 857 341 857 341 0 3 0 4
 16711935 5 845 211 845 224 869 224 869 346 870 346 870 341 0 3 0 4
 16711935 5 858 211 858 224 884 224 884 341 883 341 883 341 0 3 0 4
 16711935 5 883 354 883 354 883 325 727 325 727 341 727 341 0 4 0 4
 16711935 5 870 354 870 354 870 317 766 317 766 341 766 341 0 4 0 4
 16711935 5 623 341 623 341 623 302 831 302 831 354 831 354 0 4 0 4
 16711935 5 662 341 662 341 662 309 818 309 818 354 818 354 0 4 0 4
 32768 5 598 614 598 614 598 511 558 511 558 484 558 484 0 5 0 4
 32768 5 558 445 558 445 558 445 584 445 584 445 584 445 0 4 0 4
 32768 5 558 471 558 471 558 471 688 471 688 471 688 471 0 4 0 4
 255 5 896 341 896 341 896 341 896 302 896 302 896 302 0 4 0 4
 255 5 987 341 987 341 987 341 987 302 987 302 987 302 0 4 0 4
 16744703 5 974 380 974 380 974 380 1000 380 1000 380 1000 380 0 4 0 4
 16744703 5 1013 380 1013 380 1013 367 935 367 935 380 935 380 0 4 0 4
 16744703 5 922 445 922 445 922 452 1000 452 1000 445 1000 445 0 4 0 4
 16744703 5 961 445 961 445 961 445 987 445 987 445 987 445 0 4 0 4
 16744576 5 1026 380 1026 380 1026 380 1039 380 1039 380 1039 380 0 4 0 4
 16744576 5 1013 445 1013 445 1013 402 1052 402 1052 380 1052 380 0 4 0 4
 16744576 5 1065 380 1065 380 1065 275 455 275 455 211 455 211 0 4 0 3
 8388736 5 455 614 455 614 455 548 1218 548 1218 522 1218 522 0 5 0 10
 16711680 5 468 211 468 211 468 184 879 184 879 211 884 211 0 3 0 3
 16711680 5 1238 522 1238 560 1140 560 1140 198 884 198 884 198 0 10 0 3
 16711935 5 610 484 610 484 610 408 788 408 788 393 792 393 0 4 0 4
 16711935 5 649 484 649 484 649 407 799 407 799 393 805 393 0 4 0 4
 16711935 5 714 484 714 484 714 409 843 409 843 393 844 393 0 4 0 4
 16711935 5 753 484 753 484 753 409 857 409 857 393 857 393 0 4 0 4
 16776960 5 623 484 623 484 623 523 883 523 883 484 883 484 0 4 0 4
 16776960 5 662 484 662 484 662 516 870 516 870 484 870 484 0 4 0 4
 16776960 5 675 380 669 380 669 511 857 511 857 484 857 484 0 4 0 4
 16776960 5 636 380 644 380 644 529 844 529 844 484 844 484 0 4 0 4
 16776960 5 727 484 727 484 727 505 831 505 831 484 831 484 0 4 0 4
 16776960 5 766 484 766 484 766 499 818 499 818 484 818 484 0 4 0 4
 16776960 5 779 380 772 380 772 493 805 493 805 484 805 484 0 4 0 4
 16776960 5 740 380 747 380 747 487 792 487 792 484 792 484 0 4 0 4
 16776960 5 883 432 883 432 883 408 961 408 961 380 961 380 0 4 0 4
 16776960 5 870 432 870 432 870 407 948 407 948 380 948 380 0 4 0 4
 16776960 5 857 432 857 432 857 407 922 407 922 380 922 380 0 4 0 4
 16776960 5 844 432 844 432 844 407 909 407 909 380 909 380 0 4 0 4
 16776960 5 831 471 831 471 831 466 896 466 896 471 896 471 0 4 0 4
 16776960 5 818 471 818 471 818 457 909 457 909 471 909 471 0 4 0 4
 16776960 5 805 471 805 471 805 479 935 479 935 471 935 471 0 4 0 4
 16776960 5 792 471 798 471 798 491 943 491 943 471 948 471 0 4 0 4
 16711808 5 883 445 883 445 883 427 1341 427 1341 300 1341 300 0 4 0 11
 16711808 5 870 445 870 445 870 426 1321 426 1321 300 1321 300 0 4 0 11
 16711808 5 857 445 857 445 857 426 1301 426 1301 300 1301 300 0 4 0 11
 16711808 5 844 445 844 445 844 426 1281 426 1281 300 1281 300 0 4 0 11
 16711808 5 831 445 831 445 831 425 1261 425 1261 300 1261 300 0 4 0 11
 16711808 5 818 445 818 445 818 425 1241 425 1241 300 1241 300 0 4 0 11
 16711808 5 805 445 805 445 805 425 1221 425 1221 300 1221 300 0 4 0 11
 16711808 5 792 445 792 445 792 426 1201 426 1201 300 1201 300 0 4 0 11
 16776960 5 948 484 948 484 948 543 1198 543 1198 522 1198 522 0 4 0 10
 0 5 779 484 779 484 779 484 779 536 779 536 779 536 0 4 0 4
 0 5 1163 515 1163 515 1163 511 1026 511 1026 536 1026 536 0 10 0 4
 255 5 270 867 270 866 8 866 8 511 101 511 101 511 0 9 0 1
 255 5 35 791 35 791 8 791 8 485 101 485 101 485 0 6 0 1
 255 5 31 888 31 888 8 888 8 498 101 498 101 498 0 8 0 1
 65793 5 35 849 35 849 51 849 51 557 101 557 101 532 0 6 0 1
 65793 5 31 946 31 946 52 946 52 557 101 557 101 545 0 8 0 1
 65793 5 270 925 270 882 52 882 52 558 101 558 101 558 0 9 0 1
 65280 5 330 880 330 880 330 845 572 845 572 757 572 757 0 9 0 5
 32768 5 598 757 598 757 598 837 311 837 311 880 311 880 0 5 0 9
 255 5 101 472 125 472 125 563 286 563 286 575 286 575 0 1 0 5
 255 5 1052 302 1052 299 1114 299 1114 575 1053 575 1053 575 0 4 0 5
 255 5 1039 302 1039 289 1117 289 1117 29 1053 29 1053 29 0 4 0 3
 0 5 101 571 101 677 228 677 228 796 286 796 286 796 0 1 0 5
 0 5 1053 796 1053 796 1130 796 1130 536 1052 536 1052 536 0 5 0 4
 0 5 974 536 974 536 974 536 974 484 974 484 974 484 0 4 0 4
 0 5 1065 484 1065 484 1065 500 1013 500 1013 536 1013 536 0 4 0 4
 0 5 1053 250 1053 250 1096 250 1096 522 1039 522 1039 536 0 3 0 4
 0 5 675 484 675 484 675 484 675 536 675 536 675 536 0 4 0 4
 0 5 1040 250 1040 250 1040 263 1166 263 1166 293 1166 293 0 3 0 11
 0 5 597 341 597 341 597 250 597 250 598 250 598 250 0 4 0 3
 0 5 701 341 701 341 701 250 701 250 702 250 702 250 0 4 0 3
12
 7157 1 16 657 120 5 0 0 0 3
 7157 1 16 553 120 5 0 0 0 3
 7157 1 16 682 393 5 0 0 0 4
 7157 1 16 578 393 5 0 0 0 4
 7004 1 14 358 120 5 0 0 0 3
 7004 1 14 449 120 5 0 0 0 3
 7283 1 16 358 666 5 0 0 0 5
 7283 1 16 462 666 5 0 0 0 5
 7086 1 14 605 666 5 0 0 0 5
 7086 1 14 696 666 5 0 0 0 5
 7032 1 14 890 393 5 0 0 0 4
 7032 1 14 981 393 5 0 0 0 4
