Version 0.9.7
8
 4 163 74 77 128 0 1
 5 435 392 206 81 2 2
 0 316 268 877 276 140 4
 1 27 422 206 81 284 6
 1 26 526 206 81 294 7
 0 320 -4 877 276 410 8
 0 315 538 877 276 542 9
 1 25 765 206 81 684 10
 0
65
 16777215 5 83 459 93 459 93 509 343 509 343 477 343 477 0 6 0 4
 16777215 5 102 459 111 459 111 509 356 509 356 477 356 477 0 6 0 4
 16777215 5 121 459 130 459 130 509 369 509 369 477 369 477 0 6 0 4
 16777215 5 140 459 150 459 150 511 382 511 382 477 382 477 0 6 0 4
 16777215 5 159 459 169 459 169 510 395 510 395 477 395 477 0 6 0 4
 16777215 5 178 459 187 459 187 512 408 512 408 477 408 477 0 6 0 4
 16777215 5 197 459 207 459 207 511 421 511 421 477 421 477 0 6 0 4
 16777215 5 216 459 224 459 224 511 434 511 434 477 434 477 0 6 0 4
 65535 5 82 563 94 563 94 674 343 674 343 695 342 695 0 7 0 9
 65535 5 101 563 111 563 111 675 355 675 355 695 355 695 0 7 0 9
 65535 5 120 563 131 563 131 675 369 675 369 695 368 695 0 7 0 9
 65535 5 139 563 149 563 149 676 381 676 381 695 381 695 0 7 0 9
 65535 5 158 563 166 563 166 676 394 676 394 695 394 695 0 7 0 9
 65535 5 177 563 188 563 188 675 409 675 409 695 407 695 0 7 0 9
 65535 5 196 563 206 563 206 674 420 674 420 695 420 695 0 7 0 9
 65535 5 215 563 226 563 226 673 433 673 433 695 433 695 0 7 0 9
 255 5 224 88 224 88 224 10 224 10 373 10 373 10 0 1 0 8
 255 5 386 10 386 10 386 10 386 23 386 23 386 23 0 8 0 8
 255 5 1140 23 1140 23 1197 23 1197 282 1136 282 1136 282 0 8 0 4
 255 5 1123 282 1123 282 1123 282 1123 295 1123 295 1123 295 0 4 0 4
 255 5 1136 295 1136 295 1197 295 1197 552 1135 552 1135 552 0 4 0 9
 255 5 1122 552 1122 552 1122 552 1122 565 1122 565 1122 565 0 9 0 9
 0 5 224 187 224 187 224 244 224 244 373 244 373 244 0 1 0 8
 0 5 386 244 386 244 386 244 386 257 386 257 386 257 0 8 0 8
 0 5 1140 257 1140 257 1211 257 1211 516 1136 516 1136 516 0 8 0 4
 0 5 1123 516 1123 516 1123 516 1123 529 1123 529 1123 529 0 4 0 4
 0 5 1136 529 1136 529 1212 529 1212 786 1135 786 1135 786 0 4 0 9
 0 5 1122 786 1122 786 1122 786 1122 799 1122 799 1122 799 0 9 0 9
 65535 5 433 708 433 708 440 708 440 656 433 656 433 656 0 9 0 9
 65535 5 420 708 420 708 426 708 426 656 420 656 420 656 0 9 0 9
 65535 5 407 708 407 708 413 708 413 656 407 656 407 656 0 9 0 9
 65535 5 394 708 394 708 401 708 401 656 394 656 394 656 0 9 0 9
 65535 5 381 708 381 708 388 708 388 656 381 656 381 656 0 9 0 9
 65535 5 368 708 368 708 375 708 375 656 368 656 368 656 0 9 0 9
 65535 5 355 708 355 708 363 708 363 656 355 656 355 656 0 9 0 9
 65535 5 342 708 342 708 350 708 350 656 342 656 342 656 0 9 0 9
 65535 5 342 604 342 604 342 593 706 593 706 604 706 604 0 9 0 9
 65535 5 355 604 355 604 355 585 667 585 667 604 667 604 0 9 0 9
 65535 5 368 747 368 747 368 783 693 783 693 747 693 747 0 9 0 9
 65535 5 381 747 381 747 381 776 654 776 654 747 654 747 0 9 0 9
 65535 5 394 604 394 604 394 578 823 578 823 604 823 604 0 9 0 9
 65535 5 407 604 407 604 407 572 784 572 784 604 784 604 0 9 0 9
 65535 5 420 747 420 747 420 762 810 762 810 747 810 747 0 9 0 9
 65535 5 433 747 433 747 433 770 771 770 771 747 771 747 0 9 0 9
 65280 5 446 695 446 695 446 695 446 656 446 656 446 656 0 9 0 9
 65280 5 446 617 446 617 446 617 680 617 680 617 680 617 0 9 0 9
 65280 5 680 630 680 630 680 630 719 630 719 630 719 630 0 9 0 9
 65280 5 719 617 719 617 719 617 797 617 797 617 797 617 0 9 0 9
 65280 5 797 630 797 630 797 630 836 630 836 630 836 630 0 9 0 9
 65280 5 446 734 446 734 446 729 667 729 667 734 667 734 0 9 0 9
 65280 5 81 776 81 776 81 751 446 751 446 747 446 747 0 10 0 9
 65280 5 667 721 667 721 667 721 706 721 706 721 706 721 0 9 0 9
 65280 5 706 734 706 734 706 734 784 734 784 734 784 734 0 9 0 9
 65280 5 784 721 784 721 784 721 823 721 823 721 823 721 0 9 0 9
 65280 5 836 617 836 617 836 617 862 617 862 617 862 617 0 9 0 9
 65280 5 862 604 862 604 856 604 856 477 850 477 850 477 0 9 0 4
 4227327 5 732 643 732 643 732 593 870 593 870 643 875 643 0 9 0 9
 4227327 5 693 643 693 643 693 585 882 585 882 643 888 643 0 9 0 9
 4227327 5 849 643 849 643 849 575 919 575 919 643 927 643 0 9 0 9
 4227327 5 680 747 680 747 680 838 907 838 907 643 914 643 0 9 0 9
 4227327 5 719 747 719 747 719 827 895 827 895 643 901 643 0 9 0 9
 4227327 5 810 643 810 643 810 566 933 566 933 643 940 643 0 9 0 9
 4227327 5 836 708 836 708 836 850 948 850 948 643 953 643 0 9 0 9
 4227327 5 797 708 797 708 797 863 961 863 961 643 966 643 0 9 0 9
 8453888 5 459 747 459 747 459 756 100 756 100 776 100 776 0 9 0 10
12
 7283 1 16 597 386 5 0 0 0 4
 7283 1 16 766 386 5 0 0 0 4
 7086 1 14 648 656 5 0 0 0 9
 7086 1 14 765 656 5 0 0 0 9
 7032 1 14 973 656 5 0 0 0 9
 7032 1 14 1077 656 5 0 0 0 9
 7157 1 16 922 386 5 0 0 0 4
 7157 1 16 1052 386 5 0 0 0 4
 7004 1 14 549 114 5 0 0 0 8
 7004 1 14 653 114 5 0 0 0 8
 7157 1 16 770 114 5 0 0 0 8
 7157 1 16 887 114 5 0 0 0 8
