Version 0.9.7
10
 4 33 41 77 128 0 1
 5 80 400 206 81 2 2
 0 294 -1 877 276 8 3
 0 293 272 877 276 140 4
 0 293 544 877 276 272 5
 1 89 235 206 81 404 6
 1 88 319 206 81 414 7
 1 86 422 206 81 424 8
 3 1248 500 203 58 434 11
 3 1253 409 203 58 443 12
 0
186
 16711935 5 144 330 144 330 320 330 320 330 320 338 320 338 0 7 0 4
 16711935 5 163 330 163 330 333 330 333 330 333 338 333 338 0 7 0 4
 16711935 5 182 330 182 330 346 330 346 330 346 338 346 338 0 7 0 4
 16711935 5 201 330 201 330 359 330 359 330 359 338 359 338 0 7 0 4
 16711935 5 220 330 220 330 372 330 372 330 372 338 372 338 0 7 0 4
 16711935 5 239 330 239 330 385 330 385 330 385 338 385 338 0 7 0 4
 16711935 5 258 330 258 330 398 330 398 330 398 338 398 338 0 7 0 4
 16711935 5 277 330 277 330 277 317 411 317 411 338 411 338 0 7 0 4
 255 5 424 338 424 338 424 338 424 299 424 299 424 299 0 4 0 4
 255 5 528 338 528 338 528 338 528 299 528 299 528 299 0 4 0 4
 16711680 5 502 481 502 481 502 481 502 520 502 520 502 520 0 4 0 4
 16711680 5 606 481 606 481 606 481 606 520 606 520 606 520 0 4 0 4
 16711935 5 398 351 398 351 398 344 437 344 437 338 437 338 0 4 0 4
 16711935 5 385 390 385 390 384 390 384 449 463 449 463 442 0 4 0 4
 16711935 5 372 390 372 390 372 441 424 441 424 442 424 442 0 4 0 4
 16711935 5 580 377 580 377 580 377 580 377 359 377 359 377 0 4 0 4
 16711935 5 346 364 346 364 346 359 541 359 541 364 541 364 0 4 0 4
 16711935 5 333 390 333 390 337 390 337 473 567 473 567 468 0 4 0 4
 16711935 5 320 390 320 390 325 390 325 459 528 459 528 455 0 4 0 4
 65280 5 275 459 275 459 275 475 333 475 333 481 333 481 0 8 0 4
 65280 5 333 468 333 468 333 468 346 468 346 468 346 468 0 4 0 4
 65280 5 333 429 331 429 331 408 450 408 450 377 450 377 0 4 0 4
 16711935 5 411 351 411 351 411 347 476 347 476 351 476 351 0 4 0 4
 65280 5 333 442 341 442 341 408 489 408 489 377 489 377 0 4 0 4
 65280 5 333 455 333 455 333 450 476 450 476 442 476 442 0 4 0 4
 65280 5 346 455 369 455 369 410 554 410 554 377 554 377 0 4 0 4
 65280 5 346 442 355 442 355 409 593 409 593 377 593 377 0 4 0 4
 65280 5 346 429 355 429 355 408 580 408 580 442 580 442 0 4 0 4
 16744448 5 659 208 659 208 659 298 502 298 502 338 502 338 0 3 0 4
 16744448 5 607 208 607 208 607 278 463 278 463 338 463 338 0 3 0 4
 16744448 5 607 104 607 105 586 105 586 450 489 450 489 442 0 3 0 4
 16744448 5 450 442 450 451 587 451 587 111 659 111 659 104 0 4 0 3
 16744448 5 542 208 542 208 542 279 606 279 606 338 606 338 0 3 0 4
 16744448 5 490 208 490 208 490 278 567 278 567 338 567 338 0 3 0 4
 16744448 5 593 442 593 436 585 436 585 111 490 111 490 104 0 4 0 3
 16744448 5 554 481 554 481 586 481 586 111 542 111 542 104 0 4 0 3
 65280 5 346 481 346 481 346 481 359 481 359 481 359 481 0 4 0 4
 65280 5 359 468 359 468 359 464 541 464 541 468 541 468 0 4 0 4
 65280 5 359 455 359 455 437 455 437 455 437 442 437 442 0 4 0 4
 65535 5 145 246 145 246 145 209 321 209 321 208 321 208 0 6 0 3
 65535 5 164 246 164 246 164 208 164 208 334 208 334 208 0 6 0 3
 65535 5 183 246 183 246 183 208 183 208 347 208 347 208 0 6 0 3
 65535 5 202 246 202 246 202 208 202 208 360 208 360 208 0 6 0 3
 65535 5 221 246 221 246 221 208 221 208 373 208 373 208 0 6 0 3
 65535 5 240 246 240 246 240 208 240 208 386 208 386 208 0 6 0 3
 65535 5 259 246 259 246 259 208 259 208 399 208 399 208 0 6 0 3
 65535 5 278 246 278 246 278 229 412 229 412 208 412 208 0 6 0 3
 65535 5 321 117 321 117 321 117 321 156 321 156 321 156 0 3 0 3
 65535 5 334 117 334 117 335 117 335 156 334 156 334 156 0 3 0 3
 65535 5 360 117 360 117 360 117 360 117 360 156 360 156 0 3 0 3
 65535 5 347 156 347 156 351 156 351 117 347 117 347 117 0 3 0 3
 65535 5 373 117 373 117 373 117 373 156 373 156 373 156 0 3 0 3
 65535 5 386 117 386 117 386 117 386 117 386 156 386 156 0 3 0 3
 65535 5 399 117 399 117 400 117 400 156 399 156 399 156 0 3 0 3
 65535 5 412 117 412 117 412 117 412 156 412 156 412 156 0 3 0 3
 65535 5 412 195 419 195 419 233 651 233 651 195 646 195 0 3 0 3
 65535 5 399 195 399 195 399 215 620 215 620 195 620 195 0 3 0 3
 65535 5 386 169 393 169 393 102 620 102 620 104 620 104 0 3 0 3
 65535 5 373 169 379 169 379 97 646 97 646 104 646 104 0 3 0 3
 65535 5 360 195 360 195 360 191 529 191 529 195 529 195 0 3 0 3
 65535 5 347 195 347 195 347 184 503 184 503 182 503 182 0 3 0 3
 65535 5 334 169 342 169 342 96 503 96 503 104 503 104 0 3 0 3
 65535 5 321 169 327 169 327 96 529 96 529 104 529 104 0 3 0 3
 16776960 5 685 104 685 104 695 104 695 175 555 175 555 169 0 3 0 3
 16776960 5 1319 453 1319 480 1239 480 1239 52 568 52 568 65 0 12 0 3
 255 5 477 65 477 65 477 65 477 26 477 26 477 26 0 3 0 3
 255 5 594 65 594 65 594 65 594 26 594 26 594 26 0 3 0 3
 255 5 711 65 711 65 711 65 711 26 711 26 711 26 0 3 0 3
 255 5 815 65 815 65 815 65 815 26 815 26 815 26 0 3 0 3
 255 5 919 65 919 65 919 65 919 26 919 26 919 26 0 3 0 3
 255 5 1036 65 1036 65 1036 65 1036 26 1036 26 1036 26 0 3 0 3
 16711680 5 568 208 568 208 568 208 568 247 568 247 568 247 0 3 0 3
 16711680 5 685 208 685 208 685 208 685 247 685 247 685 247 0 3 0 3
 16711680 5 789 208 789 208 789 208 789 247 789 247 789 247 0 3 0 3
 16711680 5 893 208 893 208 893 208 893 247 893 247 893 247 0 3 0 3
 16711680 5 1010 208 1010 208 1010 208 1010 247 1010 247 1010 247 0 3 0 3
 16711680 5 1127 208 1127 208 1127 247 1127 247 1114 247 1114 247 0 3 0 3
 65535 5 412 65 412 65 412 36 880 36 880 65 880 65 0 3 0 3
 65535 5 399 65 399 65 399 37 854 37 854 65 854 65 0 3 0 3
 65535 5 386 65 386 65 386 38 828 38 828 65 828 65 0 3 0 3
 65535 5 373 65 373 65 373 37 776 37 776 65 776 65 0 3 0 3
 65535 5 360 65 360 65 360 36 750 36 750 65 750 65 0 3 0 3
 65535 5 347 65 347 65 347 37 724 37 724 65 724 65 0 3 0 3
 65535 5 334 104 307 104 307 134 711 134 711 169 711 169 0 3 0 3
 65535 5 321 104 307 104 307 135 737 135 737 169 737 169 0 3 0 3
 65535 5 412 104 412 104 434 104 434 149 984 149 984 169 0 3 0 3
 65535 5 399 104 434 104 434 147 997 147 997 104 997 104 0 3 0 3
 65535 5 386 104 432 104 432 147 958 147 958 104 958 104 0 3 0 3
 65535 5 373 104 434 104 434 147 1062 147 1062 169 1062 169 0 3 0 3
 65535 5 360 104 433 104 433 146 1102 146 1102 169 1101 169 0 3 0 3
 65535 5 347 104 433 104 433 147 1114 147 1114 104 1114 104 0 3 0 3
 65535 5 334 91 431 91 431 147 1075 147 1075 104 1075 104 0 3 0 3
 16711680 5 945 208 945 208 945 208 945 247 945 247 945 247 0 3 0 3
 65280 5 359 429 364 429 364 291 1023 291 1023 208 1023 208 0 4 0 3
 65280 5 1023 195 1023 195 1023 195 1036 195 1036 195 1036 195 0 3 0 3
 65280 5 1023 182 1023 182 1023 177 919 177 919 182 919 182 0 3 0 3
 4227327 5 867 104 867 104 867 132 971 132 971 169 971 169 0 3 0 3
 4227327 5 893 104 893 104 893 131 932 131 932 169 932 169 0 3 0 3
 4227327 5 841 65 841 65 841 45 984 45 984 65 984 65 0 3 0 3
 4227327 5 789 65 789 65 789 46 945 46 945 65 945 65 0 3 0 3
 4227327 5 763 104 763 104 763 132 1049 132 1049 169 1049 169 0 3 0 3
 4227327 5 737 104 737 104 737 133 1088 133 1088 169 1088 169 0 3 0 3
 4227327 5 1101 104 1101 104 1101 133 724 133 724 169 724 169 0 3 0 3
 4227327 5 750 169 750 169 750 134 1062 134 1062 104 1062 104 0 3 0 3
 8388863 5 1127 91 1127 91 1127 91 1140 91 1140 91 1140 91 0 3 0 3
 8388863 5 1100 338 1100 326 1144 326 1144 114 1127 114 1127 104 0 4 0 3
 8388863 5 1061 338 1061 326 1145 326 1145 115 1088 115 1088 104 0 4 0 3
 8388863 5 1114 208 1114 226 1164 226 1164 402 1087 402 1087 442 0 3 0 4
 8388863 5 1048 442 1048 404 1164 404 1164 226 1075 226 1075 208 0 4 0 3
 8388863 5 971 104 966 104 966 220 952 220 952 338 944 338 0 3 0 4
 8388863 5 1010 91 1010 91 1010 91 1023 91 1023 91 1023 91 0 3 0 3
 8388863 5 1010 104 1010 104 1004 104 1004 223 983 223 983 338 0 3 0 4
 8388863 5 997 208 997 223 976 223 976 442 970 442 970 442 0 3 0 4
 8388863 5 958 208 958 214 932 214 932 442 931 442 931 442 0 3 0 4
 32768 5 256 459 256 459 320 459 320 459 320 468 320 468 0 8 0 4
 32768 5 320 481 320 481 320 490 892 490 892 481 892 481 0 4 0 4
 32768 5 892 468 892 468 892 465 905 465 905 468 905 468 0 4 0 4
 32768 5 892 455 892 455 892 458 1022 458 1022 455 1022 455 0 4 0 4
 255 5 905 338 905 338 905 338 905 299 905 299 905 299 0 4 0 4
 255 5 1022 338 1022 338 1022 338 1022 299 1022 299 1022 299 0 4 0 4
 16711680 5 996 481 996 481 996 481 996 520 996 520 996 520 0 4 0 4
 16711680 5 1113 481 1113 481 1113 481 1113 520 1113 520 1113 520 0 4 0 4
 16711808 5 633 195 633 195 633 188 698 188 698 195 698 195 0 3 0 3
 16711808 5 633 208 644 208 644 409 918 409 918 442 918 442 0 3 0 4
 16711808 5 594 208 644 208 644 411 957 411 957 442 957 442 0 3 0 4
 16711808 5 633 104 633 104 644 104 644 325 970 325 970 338 0 3 0 4
 16711808 5 672 104 644 104 644 326 931 326 931 338 931 338 0 3 0 4
 16711808 5 516 208 534 208 534 411 1035 411 1035 442 1035 442 0 3 0 4
 16711808 5 477 208 534 208 534 410 1074 410 1074 442 1074 442 0 3 0 4
 16711808 5 516 104 535 104 535 325 1087 325 1087 338 1087 338 0 3 0 4
 16711808 5 555 104 535 104 535 325 1048 325 1048 338 1048 338 0 3 0 4
 0 5 944 481 938 481 938 592 1087 592 1087 610 1087 610 0 4 0 5
 0 5 983 481 983 481 983 583 1074 583 1074 610 1074 610 0 4 0 5
 0 5 996 377 996 377 1009 377 1009 585 1061 585 1061 610 0 4 0 5
 0 5 957 377 957 377 1011 377 1011 584 1048 584 1048 610 0 4 0 5
 0 5 1061 481 1061 481 1061 545 1035 545 1035 610 1035 610 0 4 0 5
 0 5 1100 481 1095 481 1095 544 1022 544 1022 610 1022 610 0 4 0 5
 0 5 1113 377 1136 377 1136 546 1009 546 1009 610 1009 610 0 4 0 5
 0 5 1074 377 1080 377 1080 546 998 546 998 610 996 610 0 4 0 5
 16777215 5 1074 364 1074 364 1231 364 1231 488 1339 488 1339 453 0 4 0 12
 0 5 1087 623 1087 623 1087 649 1434 649 1434 544 1434 544 0 5 0 11
 0 5 1074 623 1076 623 1076 614 1414 614 1414 544 1414 544 0 5 0 11
 0 5 1061 623 1061 623 1061 629 1394 629 1394 544 1394 544 0 5 0 11
 0 5 1048 623 1048 623 1048 635 1374 635 1374 544 1374 544 0 5 0 11
 0 5 1035 623 1035 623 1035 601 1354 601 1354 544 1354 544 0 5 0 11
 0 5 1022 623 1022 623 1022 603 1334 603 1334 544 1334 544 0 5 0 11
 0 5 1009 623 1009 623 1009 600 1314 600 1314 544 1314 544 0 5 0 11
 0 5 996 623 996 623 996 604 1294 604 1294 544 1294 544 0 5 0 11
 0 5 1087 649 1087 649 1087 642 866 642 866 649 866 649 0 5 0 5
 0 5 1074 649 1074 649 1074 642 853 642 853 649 853 649 0 5 0 5
 0 5 1061 649 1061 649 1061 641 827 641 827 649 827 649 0 5 0 5
 0 5 1048 649 1048 649 1048 641 814 641 814 649 814 649 0 5 0 5
 0 5 1035 662 1035 662 1035 723 801 723 801 714 801 714 0 5 0 5
 0 5 1022 662 1022 662 1022 723 814 723 814 714 814 714 0 5 0 5
 0 5 1009 662 1009 662 1009 723 840 723 840 714 840 714 0 5 0 5
 0 5 996 662 996 662 996 721 853 721 853 714 853 714 0 5 0 5
 255 5 801 610 801 610 801 610 801 571 801 571 801 571 0 5 0 5
 255 5 905 610 905 610 905 610 905 571 905 571 905 571 0 5 0 5
 16711680 5 879 753 879 753 879 753 879 792 879 792 879 792 0 5 0 5
 16711680 5 983 753 983 753 983 753 983 792 983 792 983 792 0 5 0 5
 16777215 5 879 649 879 649 879 630 918 630 918 649 918 649 0 5 0 5
 16777215 5 840 649 840 649 840 630 931 630 931 649 931 649 0 5 0 5
 16777215 5 827 714 827 714 827 733 918 733 918 714 918 714 0 5 0 5
 16777215 5 866 714 866 714 866 732 905 732 905 714 905 714 0 5 0 5
 12632256 5 944 649 944 649 944 649 957 649 957 649 957 649 0 5 0 5
 12632256 5 931 714 931 714 931 671 970 671 970 649 970 649 0 5 0 5
 16777215 5 983 649 983 596 814 596 814 208 815 208 815 208 0 5 0 3
 16744703 5 828 208 828 208 828 474 1299 474 1299 453 1299 453 0 3 0 12
 255 5 94 55 94 55 94 48 347 48 347 26 347 26 0 1 0 3
 16711680 5 1259 537 1259 537 1100 537 1100 537 1100 520 1100 520 0 11 0 4
 16711680 5 1264 446 1264 446 1264 258 1101 258 1101 247 1101 247 0 12 0 3
 16711680 5 1035 338 1035 338 1035 247 1035 247 1036 247 1036 247 0 4 0 3
 16711680 5 918 338 918 338 918 247 918 247 919 247 919 247 0 4 0 3
 16711680 5 932 65 932 65 932 71 906 71 906 247 906 247 0 3 0 3
 16711680 5 1049 65 1049 59 1167 59 1167 235 1088 235 1088 247 0 3 0 3
 16711680 5 94 154 94 177 308 177 308 247 347 247 347 247 0 1 0 3
 16711680 5 1075 247 1075 268 1207 268 1207 504 1087 504 1087 520 0 3 0 4
 16711680 5 1074 520 1074 537 1152 537 1152 792 1113 792 1113 792 0 4 0 5
 255 5 1114 26 1114 26 1182 26 1182 299 1113 299 1113 299 0 3 0 4
 255 5 1100 299 1100 309 1171 309 1171 571 1113 571 1113 571 0 4 0 5
 255 5 104 246 104 246 116 246 116 68 94 68 94 68 0 6 0 1
 255 5 103 330 103 330 78 330 78 81 94 81 94 81 0 7 0 1
 255 5 101 433 101 433 77 433 77 94 94 94 94 94 0 8 0 1
 16711680 5 103 388 103 388 65 388 65 148 94 148 94 141 0 7 0 1
 16711680 5 94 128 94 139 54 139 54 304 104 304 104 304 0 1 0 6
 16711680 5 101 491 101 491 45 491 45 128 94 128 94 115 0 8 0 1
12
 7086 1 14 418 390 5 0 0 0 4
 7086 1 14 522 390 5 0 0 0 4
 7283 1 16 471 117 5 0 0 0 3
 7283 1 16 588 117 5 0 0 0 3
 7004 1 14 705 117 5 0 0 0 3
 7004 1 14 809 117 5 0 0 0 3
 7157 1 16 1030 117 5 0 0 0 3
 7157 1 16 899 390 5 0 0 0 4
 7157 1 16 1016 390 5 0 0 0 4
 7032 1 14 795 662 5 0 0 0 5
 7032 1 14 899 662 5 0 0 0 5
 7157 1 16 913 117 5 0 0 0 3
