Version 0.9.7
5
 4 130 302 77 128 0 1
 5 80 400 206 81 2 2
 0 267 149 877 276 8 3
 3 264 76 203 58 150 5
 1 222 463 206 81 159 6
 0
38
 255 5 191 316 191 316 191 163 191 163 320 163 320 163 0 1 0 3
 255 5 191 329 191 329 227 329 227 474 237 474 237 474 0 1 0 6
 65793 5 191 376 191 376 217 376 217 532 237 532 237 532 0 1 0 6
 65793 5 191 389 191 389 244 389 244 113 275 113 275 113 0 1 0 5
 65793 5 191 402 191 402 320 402 320 402 320 397 320 397 0 1 0 3
 255 5 684 215 684 215 684 215 684 163 684 163 684 163 0 3 0 3
 255 5 918 215 918 215 918 215 918 163 918 163 918 163 0 3 0 3
 65793 5 762 358 762 358 762 358 762 397 762 397 762 397 0 3 0 3
 65793 5 996 358 996 358 996 358 996 397 996 397 996 397 0 3 0 3
 8421631 5 278 474 278 474 294 474 294 474 294 358 294 358 0 6 0 3
 8454143 5 297 474 297 474 307 474 307 474 307 358 307 358 0 6 0 3
 8454016 5 316 474 316 474 320 474 320 474 320 358 320 358 0 6 0 3
 33023 5 354 474 354 474 354 358 354 358 346 358 346 358 0 6 0 3
 255 5 372 215 372 215 372 215 372 163 372 163 372 163 0 3 0 3
 0 5 450 358 450 358 450 358 450 397 450 397 450 397 0 3 0 3
 8454016 5 385 319 385 319 385 297 294 297 294 267 294 267 0 3 0 3
 8454016 5 320 306 320 306 320 302 372 302 372 319 372 319 0 3 0 3
 128 5 333 358 333 358 333 474 333 474 335 474 335 474 0 3 0 6
 128 5 333 306 333 306 333 301 398 301 398 319 398 319 0 3 0 3
 128 5 411 319 411 319 411 298 304 298 304 267 307 267 0 3 0 3
 8454143 5 307 345 307 345 307 443 684 443 684 358 684 358 0 3 0 3
 128 5 333 345 333 345 333 454 918 454 918 358 918 358 0 3 0 3
 8454016 5 320 345 320 345 320 443 697 443 697 358 697 358 0 3 0 3
 16777215 5 710 358 710 358 710 448 931 448 931 358 931 358 0 3 0 3
 12632256 5 944 358 944 358 944 358 957 358 957 358 957 358 0 3 0 3
 128 5 307 254 307 254 307 141 697 141 697 215 697 215 0 3 0 3
 8421631 5 294 306 255 306 255 139 710 139 710 215 710 215 0 3 0 3
 12632256 5 723 254 723 254 697 254 697 319 723 319 723 319 0 3 0 3
 8454016 5 294 215 294 215 294 138 749 138 749 215 749 215 0 3 0 3
 8454143 5 307 306 255 306 255 139 736 139 736 215 736 215 0 3 0 3
 12632256 5 762 254 762 269 693 269 693 319 736 319 736 319 0 3 0 3
 16777215 5 749 358 749 358 749 445 970 445 970 358 970 358 0 3 0 3
 12632256 5 983 358 983 358 983 476 424 476 424 358 424 358 0 3 0 3
 12632256 5 437 358 437 358 437 433 931 433 931 254 931 254 0 3 0 3
 33023 5 346 345 346 441 257 441 257 215 385 215 385 215 0 3 0 3
 33023 5 398 215 398 215 398 194 944 194 944 215 944 215 0 3 0 3
 16777215 5 957 254 957 254 957 202 411 202 411 254 411 254 0 3 0 3
 16777215 5 424 254 424 254 424 120 424 120 430 120 430 120 0 3 0 5
3
 7032 1 14 912 267 5 0 0 0 3
 7004 1 14 366 267 5 0 0 0 3
 7008 1 14 678 267 5 0 0 0 3
