Version 0.9.7
5
 4 49 254 77 128 0 1
 5 80 400 206 81 2 2
 0 147 256 877 276 8 3
 3 798 186 203 58 292 7
 1 103 584 206 81 301 8
 0
46
 255 5 110 268 110 268 200 268 200 268 200 270 200 270 0 1 0 3
 255 5 110 281 110 281 65 281 65 595 118 595 118 595 0 1 0 8
 65793 5 110 328 110 328 97 328 97 223 809 223 809 223 0 1 0 7
 65793 5 110 341 110 371 41 371 41 653 118 653 118 653 0 1 0 8
 65793 5 110 354 110 354 29 354 29 504 200 504 200 504 0 1 0 3
 65535 5 159 595 159 595 174 595 174 595 174 465 174 465 0 8 0 3
 65408 5 178 595 178 595 187 595 187 595 187 465 187 465 0 8 0 3
 16776960 5 197 595 197 595 200 595 200 595 200 465 200 465 0 8 0 3
 16711935 5 216 595 216 595 209 595 209 465 213 465 213 465 0 8 0 3
 65535 5 174 413 174 413 174 405 225 405 225 426 226 426 0 3 0 3
 65535 5 239 426 239 426 239 393 174 393 174 374 174 374 0 3 0 3
 65408 5 187 413 187 413 187 398 252 398 252 426 252 426 0 3 0 3
 65408 5 265 426 265 426 265 404 187 404 187 374 187 374 0 3 0 3
 16776960 5 278 426 278 426 278 415 200 415 200 413 200 413 0 3 0 3
 16776960 5 291 426 291 426 291 388 200 388 200 374 200 374 0 3 0 3
 16711935 5 213 413 213 413 213 404 232 404 232 361 239 361 0 3 0 3
 16711935 5 252 361 244 361 244 403 213 403 213 374 213 374 0 3 0 3
 65535 5 174 322 174 322 174 301 356 301 356 322 356 322 0 3 0 3
 65408 5 187 322 187 322 187 302 369 302 369 322 369 322 0 3 0 3
 255 5 343 322 343 322 343 322 343 270 343 270 343 270 0 3 0 3
 255 5 226 322 226 322 226 322 226 270 226 270 226 270 0 3 0 3
 255 5 915 322 915 322 914 322 914 323 915 270 915 270 0 3 0 3
 65793 5 421 465 421 465 421 465 421 504 421 504 421 504 0 3 0 3
 65793 5 304 504 304 504 304 504 304 465 304 465 304 465 0 3 0 3
 65793 5 967 504 967 504 993 504 993 504 993 465 993 465 0 3 0 3
 16711935 5 408 322 408 322 408 301 213 301 213 322 213 322 0 3 0 3
 16777088 5 200 322 200 322 200 301 395 301 395 322 395 322 0 3 0 3
 65535 5 174 452 174 452 174 550 343 550 343 465 343 465 0 3 0 3
 16711935 5 213 452 240 452 240 539 395 539 395 465 395 465 0 3 0 3
 65408 5 187 335 187 329 320 329 320 427 356 427 356 465 0 3 0 3
 16776960 5 200 335 331 335 331 445 382 445 382 465 382 465 0 3 0 3
 0 5 525 465 525 465 525 465 525 504 525 504 525 504 0 3 0 3
 255 5 447 322 447 322 447 322 447 270 447 270 447 270 0 3 0 3
 16777215 5 954 361 954 361 969 361 969 426 967 426 967 426 0 3 0 3
 4194368 5 980 426 980 426 1053 426 1053 230 984 230 984 230 0 3 0 7
 8421440 5 473 322 473 322 473 311 941 311 941 322 941 322 0 3 0 3
 12632256 5 421 322 421 322 421 251 935 251 935 426 928 426 0 3 0 3
 12632256 5 408 465 408 465 408 546 915 546 915 465 915 465 0 3 0 3
 16777215 5 941 465 941 465 941 465 954 465 954 465 954 465 0 3 0 3
 8421376 5 525 322 525 322 525 303 928 303 928 322 928 322 0 3 0 3
 65535 5 174 361 174 361 174 346 460 346 460 361 460 361 0 3 0 3
 16711935 5 213 439 225 439 225 528 460 528 460 465 460 465 0 3 0 3
 16776960 5 200 452 200 452 200 571 447 571 447 465 447 465 0 3 0 3
 65535 5 174 439 153 439 153 160 486 160 486 361 486 361 0 3 0 3
 65408 5 187 452 187 452 187 181 499 181 499 361 499 361 0 3 0 3
 16776960 5 200 426 200 426 200 201 512 201 512 361 512 361 0 3 0 3
4
 7032 1 14 909 374 5 0 0 0 3
 7004 1 14 220 374 5 0 0 0 3
 7021 1 14 337 374 5 0 0 0 3
 7011 1 14 441 374 5 0 0 0 3
